{"pos": [[11, 1], [1, 3], [6, 7], [2, 7], [2, 11], [5, 6], [8, 6], [1, 0], [2, 0], [6, 8], [3, 3], [0, 6], [5, 7], [2, 5], [7, 2], [6, 1], [5, 5], [4, 4], [3, 1], [10, 8], [4, 0], [1, 9], [0, 10], [11, 7], [2, 10], [3, 7], [5, 4], [10, 2], [4, 10], [5, 9], [9, 6], [2, 9], [7, 5], [11, 11], [3, 8], [4, 9], [5, 11], [0, 4], [7, 9], [5, 1], [8, 11], [6, 4], [10, 4], [2, 1], [2, 3], [2, 6], [9, 4], [10, 10], [3, 10], [0, 0], [5, 3], [9, 9], [2, 4], [7, 3], [0, 9], [8, 4], [10, 11], [3, 0], [2, 8], [7, 4], [0, 7], [11, 10], [1, 2], [1, 7], [0, 3], [10, 9], [9, 1], [9, 0], [7, 6], [5, 10], [10, 5], [4, 3], [6, 5], [11, 5], [11, 6], [8, 2], [11, 0], [11, 3], [10, 1], [7, 8], [10, 0], [4, 2], [1, 1], [7, 0], [7, 11], [1, 4], [11, 9], [4, 5], [0, 8], [3, 4], [3, 11], [3, 9], [8, 1], [0, 11], [8, 7], [2, 2], [4, 1], [6, 11], [8, 10], [6, 9]], "edges": [[0, 27], [0, 76], [0, 78], [0, 80], [1, 37], [1, 44], [1, 52], [1, 62], [1, 64], [1, 85], [1, 95], [2, 5], [2, 9], [2, 12], [2, 68], [2, 79], [3, 25], [3, 34], [3, 45], [3, 58], [3, 63], [4, 24], [4, 48], [4, 90], [5, 12], [5, 16], [5, 72], [5, 87], [6, 30], [6, 32], [6, 68], [6, 94], [7, 8], [7, 43], [7, 49], [7, 82], [8, 18], [8, 43], [8, 57], [8, 82], [9, 12], [9, 29], [9, 38], [9, 79], [9, 99], [10, 17], [10, 44], [10, 52], [10, 71], [10, 81], [10, 89], [10, 95], [11, 60], [11, 63], [13, 45], [13, 52], [13, 85], [13, 89], [14, 15], [14, 53], [14, 75], [14, 92], [15, 39], [15, 83], [16, 17], [16, 26], [16, 41], [16, 72], [16, 87], [17, 26], [17, 50], [17, 71], [17, 87], [17, 89], [18, 20], [18, 43], [18, 57], [18, 81], [18, 95], [18, 96], [19, 23], [19, 51], [19, 65], [19, 86], [20, 39], [20, 57], [20, 96], [21, 22], [21, 24], [21, 31], [21, 54], [21, 58], [21, 88], [22, 54], [22, 93], [23, 74], [24, 31], [24, 48], [24, 90], [24, 91], [25, 34], [25, 45], [25, 58], [26, 41], [26, 50], [26, 71], [26, 72], [26, 87], [27, 66], [27, 77], [27, 78], [28, 29], [28, 35], [28, 36], [28, 48], [28, 69], [28, 90], [28, 91], [29, 35], [29, 69], [29, 99], [30, 70], [30, 94], [31, 34], [31, 48], [31, 58], [31, 91], [32, 41], [32, 55], [32, 59], [32, 68], [32, 72], [33, 47], [33, 56], [33, 61], [34, 35], [34, 58], [34, 91], [35, 48], [35, 69], [35, 91], [36, 69], [36, 97], [37, 64], [37, 85], [38, 79], [38, 98], [38, 99], [39, 81], [39, 96], [40, 84], [40, 98], [41, 50], [41, 53], [41, 59], [41, 72], [42, 46], [42, 70], [42, 73], [42, 77], [43, 57], [43, 62], [43, 82], [43, 95], [44, 52], [44, 62], [44, 85], [44, 89], [44, 95], [45, 63], [46, 55], [46, 70], [47, 51], [47, 56], [47, 61], [47, 65], [47, 86], [48, 90], [48, 91], [49, 82], [50, 71], [50, 81], [51, 65], [51, 98], [52, 85], [52, 89], [53, 55], [53, 59], [53, 75], [54, 88], [55, 59], [56, 61], [57, 96], [58, 63], [58, 91], [59, 72], [60, 63], [60, 88], [61, 65], [61, 86], [62, 64], [62, 82], [62, 95], [63, 88], [64, 85], [65, 86], [66, 67], [66, 75], [66, 78], [66, 80], [66, 92], [67, 78], [67, 80], [67, 92], [68, 72], [68, 94], [69, 97], [69, 99], [70, 73], [70, 74], [71, 81], [71, 89], [73, 74], [75, 92], [76, 78], [76, 80], [78, 80], [79, 94], [79, 99], [81, 96], [82, 95], [83, 92], [84, 97], [84, 98], [87, 89]], "distances": [[0.0, 10.198039027185569, 7.810249675906654, 10.816653826391969, 13.45362404707371, 7.810249675906654, 5.830951894845301, 10.04987562112089, 9.055385138137417, 8.602325267042627, 8.246211251235321, 12.083045973594572, 8.48528137423857, 9.848857801796104, 4.123105625617661, 5.0, 7.211102550927978, 7.615773105863909, 8.0, 7.0710678118654755, 7.0710678118654755, 12.806248474865697, 14.212670403551895, 6.0, 12.727922061357855, 10.0, 6.708203932499369, 1.4142135623730951, 11.40175425099138, 10.0, 5.385164807134504, 12.041594578792296, 5.656854249492381, 10.0, 10.63014581273465, 10.63014581273465, 11.661903789690601, 11.40175425099138, 8.94427190999916, 6.0, 10.44030650891055, 5.830951894845301, 3.1622776601683795, 9.0, 9.219544457292887, 10.295630140987, 3.605551275463989, 9.055385138137417, 12.041594578792296, 11.045361017187261, 6.324555320336759, 8.246211251235321, 9.486832980505138, 4.47213595499958, 13.601470508735444, 4.242640687119285, 10.04987562112089, 8.06225774829855, 11.40175425099138, 5.0, 12.529964086141668, 9.0, 10.04987562112089, 11.661903789690601, 11.180339887498949, 8.06225774829855, 2.0, 2.23606797749979, 6.4031242374328485, 10.816653826391969, 4.123105625617661, 7.280109889280518, 6.4031242374328485, 4.0, 5.0, 3.1622776601683795, 1.0, 2.0, 1.0, 8.06225774829855, 1.4142135623730951, 7.0710678118654755, 10.0, 4.123105625617661, 10.770329614269007, 10.44030650891055, 8.0, 8.06225774829855, 13.038404810405298, 8.54400374531753, 12.806248474865697, 11.313708498984761, 3.0, 14.866068747318506, 6.708203932499369, 9.055385138137417, 7.0, 11.180339887498949, 9.486832980505138, 9.433981132056603], [10.198039027185569, 0.0, 6.4031242374328485, 4.123105625617661, 8.06225774829855, 5.0, 7.615773105863909, 3.0, 3.1622776601683795, 7.0710678118654755, 2.0, 3.1622776601683795, 5.656854249492381, 2.23606797749979, 6.082762530298219, 5.385164807134504, 4.47213595499958, 3.1622776601683795, 2.8284271247461903, 10.295630140987, 4.242640687119285, 6.0, 7.0710678118654755, 10.770329614269007, 7.0710678118654755, 4.47213595499958, 4.123105625617661, 9.055385138137417, 7.615773105863909, 7.211102550927978, 8.54400374531753, 6.082762530298219, 6.324555320336759, 12.806248474865697, 5.385164807134504, 6.708203932499369, 8.94427190999916, 1.4142135623730951, 8.48528137423857, 4.47213595499958, 10.63014581273465, 5.0990195135927845, 9.055385138137417, 2.23606797749979, 1.0, 3.1622776601683795, 8.06225774829855, 11.40175425099138, 7.280109889280518, 3.1622776601683795, 4.0, 10.0, 1.4142135623730951, 6.0, 6.082762530298219, 7.0710678118654755, 12.041594578792296, 3.605551275463989, 5.0990195135927845, 6.082762530298219, 4.123105625617661, 12.206555615733702, 1.0, 4.0, 1.0, 10.816653826391969, 8.246211251235321, 8.54400374531753, 6.708203932499369, 8.06225774829855, 9.219544457292887, 3.0, 5.385164807134504, 10.198039027185569, 10.44030650891055, 7.0710678118654755, 10.44030650891055, 10.0, 9.219544457292887, 7.810249675906654, 9.486832980505138, 3.1622776601683795, 2.0, 6.708203932499369, 10.0, 1.0, 11.661903789690601, 3.605551275463989, 5.0990195135927845, 2.23606797749979, 8.246211251235321, 6.324555320336759, 7.280109889280518, 8.06225774829855, 8.06225774829855, 1.4142135623730951, 3.605551275463989, 9.433981132056603, 9.899494936611665, 7.810249675906654], [7.810249675906654, 6.4031242374328485, 0.0, 4.0, 5.656854249492381, 1.4142135623730951, 2.23606797749979, 8.602325267042627, 8.06225774829855, 1.0, 5.0, 6.082762530298219, 1.0, 4.47213595499958, 5.0990195135927845, 6.0, 2.23606797749979, 3.605551275463989, 6.708203932499369, 4.123105625617661, 7.280109889280518, 5.385164807134504, 6.708203932499369, 5.0, 5.0, 3.0, 3.1622776601683795, 6.4031242374328485, 3.605551275463989, 2.23606797749979, 3.1622776601683795, 4.47213595499958, 2.23606797749979, 6.4031242374328485, 3.1622776601683795, 2.8284271247461903, 4.123105625617661, 6.708203932499369, 2.23606797749979, 6.082762530298219, 4.47213595499958, 3.0, 5.0, 7.211102550927978, 5.656854249492381, 4.123105625617661, 4.242640687119285, 5.0, 4.242640687119285, 9.219544457292887, 4.123105625617661, 3.605551275463989, 5.0, 4.123105625617661, 6.324555320336759, 3.605551275463989, 5.656854249492381, 7.615773105863909, 4.123105625617661, 3.1622776601683795, 6.0, 5.830951894845301, 7.0710678118654755, 5.0, 7.211102550927978, 4.47213595499958, 6.708203932499369, 7.615773105863909, 1.4142135623730951, 3.1622776601683795, 4.47213595499958, 4.47213595499958, 2.0, 5.385164807134504, 5.0990195135927845, 5.385164807134504, 8.602325267042627, 6.4031242374328485, 7.211102550927978, 1.4142135623730951, 8.06225774829855, 5.385164807134504, 7.810249675906654, 7.0710678118654755, 4.123105625617661, 5.830951894845301, 5.385164807134504, 2.8284271247461903, 6.082762530298219, 4.242640687119285, 5.0, 3.605551275463989, 6.324555320336759, 7.211102550927978, 2.0, 6.4031242374328485, 6.324555320336759, 4.0, 3.605551275463989, 2.0], [10.816653826391969, 4.123105625617661, 4.0, 0.0, 4.0, 3.1622776601683795, 6.082762530298219, 7.0710678118654755, 7.0, 4.123105625617661, 4.123105625617661, 2.23606797749979, 3.0, 2.0, 7.0710678118654755, 7.211102550927978, 3.605551275463989, 3.605551275463989, 6.082762530298219, 8.06225774829855, 7.280109889280518, 2.23606797749979, 3.605551275463989, 9.0, 3.0, 1.0, 4.242640687119285, 9.433981132056603, 3.605551275463989, 3.605551275463989, 7.0710678118654755, 2.0, 5.385164807134504, 9.848857801796104, 1.4142135623730951, 2.8284271247461903, 5.0, 3.605551275463989, 5.385164807134504, 6.708203932499369, 7.211102550927978, 5.0, 8.54400374531753, 6.0, 4.0, 1.0, 7.615773105863909, 8.54400374531753, 3.1622776601683795, 7.280109889280518, 5.0, 7.280109889280518, 3.0, 6.4031242374328485, 2.8284271247461903, 6.708203932499369, 8.94427190999916, 7.0710678118654755, 1.0, 5.830951894845301, 2.0, 9.486832980505138, 5.0990195135927845, 1.0, 4.47213595499958, 8.246211251235321, 9.219544457292887, 9.899494936611665, 5.0990195135927845, 4.242640687119285, 8.246211251235321, 4.47213595499958, 4.47213595499958, 9.219544457292887, 9.055385138137417, 7.810249675906654, 11.40175425099138, 9.848857801796104, 10.0, 5.0990195135927845, 10.63014581273465, 5.385164807134504, 6.082762530298219, 8.602325267042627, 6.4031242374328485, 3.1622776601683795, 9.219544457292887, 2.8284271247461903, 2.23606797749979, 3.1622776601683795, 4.123105625617661, 2.23606797749979, 8.48528137423857, 4.47213595499958, 6.0, 5.0, 6.324555320336759, 5.656854249492381, 6.708203932499369, 4.47213595499958], [13.45362404707371, 8.06225774829855, 5.656854249492381, 4.0, 0.0, 5.830951894845301, 7.810249675906654, 11.045361017187261, 11.0, 5.0, 8.06225774829855, 5.385164807134504, 5.0, 6.0, 10.295630140987, 10.770329614269007, 6.708203932499369, 7.280109889280518, 10.04987562112089, 8.54400374531753, 11.180339887498949, 2.23606797749979, 2.23606797749979, 9.848857801796104, 1.0, 4.123105625617661, 7.615773105863909, 12.041594578792296, 2.23606797749979, 3.605551275463989, 8.602325267042627, 2.0, 7.810249675906654, 9.0, 3.1622776601683795, 2.8284271247461903, 3.0, 7.280109889280518, 5.385164807134504, 10.44030650891055, 6.0, 8.06225774829855, 10.63014581273465, 10.0, 8.0, 5.0, 9.899494936611665, 8.06225774829855, 1.4142135623730951, 11.180339887498949, 8.54400374531753, 7.280109889280518, 7.0, 9.433981132056603, 2.8284271247461903, 9.219544457292887, 8.0, 11.045361017187261, 3.0, 8.602325267042627, 4.47213595499958, 9.055385138137417, 9.055385138137417, 4.123105625617661, 8.246211251235321, 8.246211251235321, 12.206555615733702, 13.038404810405298, 7.0710678118654755, 3.1622776601683795, 10.0, 8.246211251235321, 7.211102550927978, 10.816653826391969, 10.295630140987, 10.816653826391969, 14.212670403551895, 12.041594578792296, 12.806248474865697, 5.830951894845301, 13.601470508735444, 9.219544457292887, 10.04987562112089, 12.083045973594572, 5.0, 7.0710678118654755, 9.219544457292887, 6.324555320336759, 3.605551275463989, 7.0710678118654755, 1.0, 2.23606797749979, 11.661903789690601, 2.0, 7.211102550927978, 9.0, 10.198039027185569, 4.0, 6.082762530298219, 4.47213595499958], [7.810249675906654, 5.0, 1.4142135623730951, 3.1622776601683795, 5.830951894845301, 0.0, 3.0, 7.211102550927978, 6.708203932499369, 2.23606797749979, 3.605551275463989, 5.0, 1.0, 3.1622776601683795, 4.47213595499958, 5.0990195135927845, 1.0, 2.23606797749979, 5.385164807134504, 5.385164807134504, 6.082762530298219, 5.0, 6.4031242374328485, 6.082762530298219, 5.0, 2.23606797749979, 2.0, 6.4031242374328485, 4.123105625617661, 3.0, 4.0, 4.242640687119285, 2.23606797749979, 7.810249675906654, 2.8284271247461903, 3.1622776601683795, 5.0, 5.385164807134504, 3.605551275463989, 5.0, 5.830951894845301, 2.23606797749979, 5.385164807134504, 5.830951894845301, 4.242640687119285, 3.0, 4.47213595499958, 6.4031242374328485, 4.47213595499958, 7.810249675906654, 3.0, 5.0, 3.605551275463989, 3.605551275463989, 5.830951894845301, 3.605551275463989, 7.0710678118654755, 6.324555320336759, 3.605551275463989, 2.8284271247461903, 5.0990195135927845, 7.211102550927978, 5.656854249492381, 4.123105625617661, 5.830951894845301, 5.830951894845301, 6.4031242374328485, 7.211102550927978, 2.0, 4.0, 5.0990195135927845, 3.1622776601683795, 1.4142135623730951, 6.082762530298219, 6.0, 5.0, 8.48528137423857, 6.708203932499369, 7.0710678118654755, 2.8284271247461903, 7.810249675906654, 4.123105625617661, 6.4031242374328485, 6.324555320336759, 5.385164807134504, 4.47213595499958, 6.708203932499369, 1.4142135623730951, 5.385164807134504, 2.8284271247461903, 5.385164807134504, 3.605551275463989, 5.830951894845301, 7.0710678118654755, 3.1622776601683795, 5.0, 5.0990195135927845, 5.0990195135927845, 5.0, 3.1622776601683795], [5.830951894845301, 7.615773105863909, 2.23606797749979, 6.082762530298219, 7.810249675906654, 3.0, 0.0, 9.219544457292887, 8.48528137423857, 2.8284271247461903, 5.830951894845301, 8.0, 3.1622776601683795, 6.082762530298219, 4.123105625617661, 5.385164807134504, 3.1622776601683795, 4.47213595499958, 7.0710678118654755, 2.8284271247461903, 7.211102550927978, 7.615773105863909, 8.94427190999916, 3.1622776601683795, 7.211102550927978, 5.0990195135927845, 3.605551275463989, 4.47213595499958, 5.656854249492381, 4.242640687119285, 1.0, 6.708203932499369, 1.4142135623730951, 5.830951894845301, 5.385164807134504, 5.0, 5.830951894845301, 8.246211251235321, 3.1622776601683795, 5.830951894845301, 5.0, 2.8284271247461903, 2.8284271247461903, 7.810249675906654, 6.708203932499369, 6.0, 2.23606797749979, 4.47213595499958, 6.4031242374328485, 10.0, 4.242640687119285, 3.1622776601683795, 6.324555320336759, 3.1622776601683795, 8.54400374531753, 2.0, 5.385164807134504, 7.810249675906654, 6.324555320336759, 2.23606797749979, 8.06225774829855, 5.0, 8.06225774829855, 7.0710678118654755, 8.54400374531753, 3.605551275463989, 5.0990195135927845, 6.082762530298219, 1.0, 5.0, 2.23606797749979, 5.0, 2.23606797749979, 3.1622776601683795, 3.0, 4.0, 6.708203932499369, 4.242640687119285, 5.385164807134504, 2.23606797749979, 6.324555320336759, 5.656854249492381, 8.602325267042627, 6.082762530298219, 5.0990195135927845, 7.280109889280518, 4.242640687119285, 4.123105625617661, 8.246211251235321, 5.385164807134504, 7.0710678118654755, 5.830951894845301, 5.0, 9.433981132056603, 1.0, 7.211102550927978, 6.4031242374328485, 5.385164807134504, 4.0, 3.605551275463989], [10.04987562112089, 3.0, 8.602325267042627, 7.0710678118654755, 11.045361017187261, 7.211102550927978, 9.219544457292887, 0.0, 1.0, 9.433981132056603, 3.605551275463989, 6.082762530298219, 8.06225774829855, 5.0990195135927845, 6.324555320336759, 5.0990195135927845, 6.4031242374328485, 5.0, 2.23606797749979, 12.041594578792296, 3.0, 9.0, 10.04987562112089, 12.206555615733702, 10.04987562112089, 7.280109889280518, 5.656854249492381, 9.219544457292887, 10.44030650891055, 9.848857801796104, 10.0, 9.055385138137417, 7.810249675906654, 14.866068747318506, 8.246211251235321, 9.486832980505138, 11.704699910719626, 4.123105625617661, 10.816653826391969, 4.123105625617661, 13.038404810405298, 6.4031242374328485, 9.848857801796104, 1.4142135623730951, 3.1622776601683795, 6.082762530298219, 8.94427190999916, 13.45362404707371, 10.198039027185569, 1.0, 5.0, 12.041594578792296, 4.123105625617661, 6.708203932499369, 9.055385138137417, 8.06225774829855, 14.212670403551895, 2.0, 8.06225774829855, 7.211102550927978, 7.0710678118654755, 14.142135623730951, 2.0, 7.0, 3.1622776601683795, 12.727922061357855, 8.06225774829855, 8.0, 8.48528137423857, 10.770329614269007, 10.295630140987, 4.242640687119285, 7.0710678118654755, 11.180339887498949, 11.661903789690601, 7.280109889280518, 10.0, 10.44030650891055, 9.055385138137417, 10.0, 9.0, 3.605551275463989, 1.0, 6.0, 12.529964086141668, 4.0, 13.45362404707371, 5.830951894845301, 8.06225774829855, 4.47213595499958, 11.180339887498949, 9.219544457292887, 7.0710678118654755, 11.045361017187261, 9.899494936611665, 2.23606797749979, 3.1622776601683795, 12.083045973594572, 12.206555615733702, 10.295630140987], [9.055385138137417, 3.1622776601683795, 8.06225774829855, 7.0, 11.0, 6.708203932499369, 8.48528137423857, 1.0, 0.0, 8.94427190999916, 3.1622776601683795, 6.324555320336759, 7.615773105863909, 5.0, 5.385164807134504, 4.123105625617661, 5.830951894845301, 4.47213595499958, 1.4142135623730951, 11.313708498984761, 2.0, 9.055385138137417, 10.198039027185569, 11.40175425099138, 10.0, 7.0710678118654755, 5.0, 8.246211251235321, 10.198039027185569, 9.486832980505138, 9.219544457292887, 9.0, 7.0710678118654755, 14.212670403551895, 8.06225774829855, 9.219544457292887, 11.40175425099138, 4.47213595499958, 10.295630140987, 3.1622776601683795, 12.529964086141668, 5.656854249492381, 8.94427190999916, 1.0, 3.0, 6.0, 8.06225774829855, 12.806248474865697, 10.04987562112089, 2.0, 4.242640687119285, 11.40175425099138, 4.0, 5.830951894845301, 9.219544457292887, 7.211102550927978, 13.601470508735444, 1.0, 8.0, 6.4031242374328485, 7.280109889280518, 13.45362404707371, 2.23606797749979, 7.0710678118654755, 3.605551275463989, 12.041594578792296, 7.0710678118654755, 7.0, 7.810249675906654, 10.44030650891055, 9.433981132056603, 3.605551275463989, 6.4031242374328485, 10.295630140987, 10.816653826391969, 6.324555320336759, 9.0, 9.486832980505138, 8.06225774829855, 9.433981132056603, 8.0, 2.8284271247461903, 1.4142135623730951, 5.0, 12.083045973594572, 4.123105625617661, 12.727922061357855, 5.385164807134504, 8.246211251235321, 4.123105625617661, 11.045361017187261, 9.055385138137417, 6.082762530298219, 11.180339887498949, 9.219544457292887, 2.0, 2.23606797749979, 11.704699910719626, 11.661903789690601, 9.848857801796104], [8.602325267042627, 7.0710678118654755, 1.0, 4.123105625617661, 5.0, 2.23606797749979, 2.8284271247461903, 9.433981132056603, 8.94427190999916, 0.0, 5.830951894845301, 6.324555320336759, 1.4142135623730951, 5.0, 6.082762530298219, 7.0, 3.1622776601683795, 4.47213595499958, 7.615773105863909, 4.0, 8.246211251235321, 5.0990195135927845, 6.324555320336759, 5.0990195135927845, 4.47213595499958, 3.1622776601683795, 4.123105625617661, 7.211102550927978, 2.8284271247461903, 1.4142135623730951, 3.605551275463989, 4.123105625617661, 3.1622776601683795, 5.830951894845301, 3.0, 2.23606797749979, 3.1622776601683795, 7.211102550927978, 1.4142135623730951, 7.0710678118654755, 3.605551275463989, 4.0, 5.656854249492381, 8.06225774829855, 6.4031242374328485, 4.47213595499958, 5.0, 4.47213595499958, 3.605551275463989, 10.0, 5.0990195135927845, 3.1622776601683795, 5.656854249492381, 5.0990195135927845, 6.082762530298219, 4.47213595499958, 5.0, 8.54400374531753, 4.0, 4.123105625617661, 6.082762530298219, 5.385164807134504, 7.810249675906654, 5.0990195135927845, 7.810249675906654, 4.123105625617661, 7.615773105863909, 8.54400374531753, 2.23606797749979, 2.23606797749979, 5.0, 5.385164807134504, 3.0, 5.830951894845301, 5.385164807134504, 6.324555320336759, 9.433981132056603, 7.0710678118654755, 8.06225774829855, 1.0, 8.94427190999916, 6.324555320336759, 8.602325267042627, 8.06225774829855, 3.1622776601683795, 6.4031242374328485, 5.0990195135927845, 3.605551275463989, 6.0, 5.0, 4.242640687119285, 3.1622776601683795, 7.280109889280518, 6.708203932499369, 2.23606797749979, 7.211102550927978, 7.280109889280518, 3.0, 2.8284271247461903, 1.0], [8.246211251235321, 2.0, 5.0, 4.123105625617661, 8.06225774829855, 3.605551275463989, 5.830951894845301, 3.605551275463989, 3.1622776601683795, 5.830951894845301, 0.0, 4.242640687119285, 4.47213595499958, 2.23606797749979, 4.123105625617661, 3.605551275463989, 2.8284271247461903, 1.4142135623730951, 2.0, 8.602325267042627, 3.1622776601683795, 6.324555320336759, 7.615773105863909, 8.94427190999916, 7.0710678118654755, 4.0, 2.23606797749979, 7.0710678118654755, 7.0710678118654755, 6.324555320336759, 6.708203932499369, 6.082762530298219, 4.47213595499958, 11.313708498984761, 5.0, 6.082762530298219, 8.246211251235321, 3.1622776601683795, 7.211102550927978, 2.8284271247461903, 9.433981132056603, 3.1622776601683795, 7.0710678118654755, 2.23606797749979, 1.0, 3.1622776601683795, 6.082762530298219, 9.899494936611665, 7.0, 4.242640687119285, 2.0, 8.48528137423857, 1.4142135623730951, 4.0, 6.708203932499369, 5.0990195135927845, 10.63014581273465, 3.0, 5.0990195135927845, 4.123105625617661, 5.0, 10.63014581273465, 2.23606797749979, 4.47213595499958, 3.0, 9.219544457292887, 6.324555320336759, 6.708203932499369, 5.0, 7.280109889280518, 7.280109889280518, 1.0, 3.605551275463989, 8.246211251235321, 8.54400374531753, 5.0990195135927845, 8.54400374531753, 8.0, 7.280109889280518, 6.4031242374328485, 7.615773105863909, 1.4142135623730951, 2.8284271247461903, 5.0, 8.94427190999916, 2.23606797749979, 10.0, 2.23606797749979, 5.830951894845301, 1.0, 8.0, 6.0, 5.385164807134504, 8.54400374531753, 6.4031242374328485, 1.4142135623730951, 2.23606797749979, 8.54400374531753, 8.602325267042627, 6.708203932499369], [12.083045973594572, 3.1622776601683795, 6.082762530298219, 2.23606797749979, 5.385164807134504, 5.0, 8.0, 6.082762530298219, 6.324555320336759, 6.324555320336759, 4.242640687119285, 0.0, 5.0990195135927845, 2.23606797749979, 8.06225774829855, 7.810249675906654, 5.0990195135927845, 4.47213595499958, 5.830951894845301, 10.198039027185569, 7.211102550927978, 3.1622776601683795, 4.0, 11.045361017187261, 4.47213595499958, 3.1622776601683795, 5.385164807134504, 10.770329614269007, 5.656854249492381, 5.830951894845301, 9.0, 3.605551275463989, 7.0710678118654755, 12.083045973594572, 3.605551275463989, 5.0, 7.0710678118654755, 2.0, 7.615773105863909, 7.0710678118654755, 9.433981132056603, 6.324555320336759, 10.198039027185569, 5.385164807134504, 3.605551275463989, 2.0, 9.219544457292887, 10.770329614269007, 5.0, 6.0, 5.830951894845301, 9.486832980505138, 2.8284271247461903, 7.615773105863909, 3.0, 8.246211251235321, 11.180339887498949, 6.708203932499369, 2.8284271247461903, 7.280109889280518, 1.0, 11.704699910719626, 4.123105625617661, 1.4142135623730951, 3.0, 10.44030650891055, 10.295630140987, 10.816653826391969, 7.0, 6.4031242374328485, 10.04987562112089, 5.0, 6.082762530298219, 11.045361017187261, 11.0, 8.94427190999916, 12.529964086141668, 11.40175425099138, 11.180339887498949, 7.280109889280518, 11.661903789690601, 5.656854249492381, 5.0990195135927845, 9.219544457292887, 8.602325267042627, 2.23606797749979, 11.40175425099138, 4.123105625617661, 2.0, 3.605551275463989, 5.830951894845301, 4.242640687119285, 9.433981132056603, 5.0, 8.06225774829855, 4.47213595499958, 6.4031242374328485, 7.810249675906654, 8.94427190999916, 6.708203932499369], [8.48528137423857, 5.656854249492381, 1.0, 3.0, 5.0, 1.0, 3.1622776601683795, 8.06225774829855, 7.615773105863909, 1.4142135623730951, 4.47213595499958, 5.0990195135927845, 0.0, 3.605551275463989, 5.385164807134504, 6.082762530298219, 2.0, 3.1622776601683795, 6.324555320336759, 5.0990195135927845, 7.0710678118654755, 4.47213595499958, 5.830951894845301, 6.0, 4.242640687119285, 2.0, 3.0, 7.0710678118654755, 3.1622776601683795, 2.0, 4.123105625617661, 3.605551275463989, 2.8284271247461903, 7.211102550927978, 2.23606797749979, 2.23606797749979, 4.0, 5.830951894845301, 2.8284271247461903, 6.0, 5.0, 3.1622776601683795, 5.830951894845301, 6.708203932499369, 5.0, 3.1622776601683795, 5.0, 5.830951894845301, 3.605551275463989, 8.602325267042627, 4.0, 4.47213595499958, 4.242640687119285, 4.47213595499958, 5.385164807134504, 4.242640687119285, 6.4031242374328485, 7.280109889280518, 3.1622776601683795, 3.605551275463989, 5.0, 6.708203932499369, 6.4031242374328485, 4.0, 6.4031242374328485, 5.385164807134504, 7.211102550927978, 8.06225774829855, 2.23606797749979, 3.0, 5.385164807134504, 4.123105625617661, 2.23606797749979, 6.324555320336759, 6.082762530298219, 5.830951894845301, 9.219544457292887, 7.211102550927978, 7.810249675906654, 2.23606797749979, 8.602325267042627, 5.0990195135927845, 7.211102550927978, 7.280109889280518, 4.47213595499958, 5.0, 6.324555320336759, 2.23606797749979, 5.0990195135927845, 3.605551275463989, 4.47213595499958, 2.8284271247461903, 6.708203932499369, 6.4031242374328485, 3.0, 5.830951894845301, 6.082762530298219, 4.123105625617661, 4.242640687119285, 2.23606797749979], [9.848857801796104, 2.23606797749979, 4.47213595499958, 2.0, 6.0, 3.1622776601683795, 6.082762530298219, 5.0990195135927845, 5.0, 5.0, 2.23606797749979, 2.23606797749979, 3.605551275463989, 0.0, 5.830951894845301, 5.656854249492381, 3.0, 2.23606797749979, 4.123105625617661, 8.54400374531753, 5.385164807134504, 4.123105625617661, 5.385164807134504, 9.219544457292887, 5.0, 2.23606797749979, 3.1622776601683795, 8.54400374531753, 5.385164807134504, 5.0, 7.0710678118654755, 4.0, 5.0, 10.816653826391969, 3.1622776601683795, 4.47213595499958, 6.708203932499369, 2.23606797749979, 6.4031242374328485, 5.0, 8.48528137423857, 4.123105625617661, 8.06225774829855, 4.0, 2.0, 1.0, 7.0710678118654755, 9.433981132056603, 5.0990195135927845, 5.385164807134504, 3.605551275463989, 8.06225774829855, 1.0, 5.385164807134504, 4.47213595499958, 6.082762530298219, 10.0, 5.0990195135927845, 3.0, 5.0990195135927845, 2.8284271247461903, 10.295630140987, 3.1622776601683795, 2.23606797749979, 2.8284271247461903, 8.94427190999916, 8.06225774829855, 8.602325267042627, 5.0990195135927845, 5.830951894845301, 8.0, 2.8284271247461903, 4.0, 9.0, 9.055385138137417, 6.708203932499369, 10.295630140987, 9.219544457292887, 8.94427190999916, 5.830951894845301, 9.433981132056603, 3.605551275463989, 4.123105625617661, 7.0710678118654755, 7.810249675906654, 1.4142135623730951, 9.848857801796104, 2.0, 3.605551275463989, 1.4142135623730951, 6.082762530298219, 4.123105625617661, 7.211102550927978, 6.324555320336759, 6.324555320336759, 3.0, 4.47213595499958, 7.211102550927978, 7.810249675906654, 5.656854249492381], [4.123105625617661, 6.082762530298219, 5.0990195135927845, 7.0710678118654755, 10.295630140987, 4.47213595499958, 4.123105625617661, 6.324555320336759, 5.385164807134504, 6.082762530298219, 4.123105625617661, 8.06225774829855, 5.385164807134504, 5.830951894845301, 0.0, 1.4142135623730951, 3.605551275463989, 3.605551275463989, 4.123105625617661, 6.708203932499369, 3.605551275463989, 9.219544457292887, 10.63014581273465, 6.4031242374328485, 9.433981132056603, 6.4031242374328485, 2.8284271247461903, 3.0, 8.54400374531753, 7.280109889280518, 4.47213595499958, 8.602325267042627, 3.0, 9.848857801796104, 7.211102550927978, 7.615773105863909, 9.219544457292887, 7.280109889280518, 7.0, 2.23606797749979, 9.055385138137417, 2.23606797749979, 3.605551275463989, 5.0990195135927845, 5.0990195135927845, 6.4031242374328485, 2.8284271247461903, 8.54400374531753, 8.94427190999916, 7.280109889280518, 2.23606797749979, 7.280109889280518, 5.385164807134504, 1.0, 9.899494936611665, 2.23606797749979, 9.486832980505138, 4.47213595499958, 7.810249675906654, 2.0, 8.602325267042627, 8.94427190999916, 6.0, 7.810249675906654, 7.0710678118654755, 7.615773105863909, 2.23606797749979, 2.8284271247461903, 4.0, 8.246211251235321, 4.242640687119285, 3.1622776601683795, 3.1622776601683795, 5.0, 5.656854249492381, 1.0, 4.47213595499958, 4.123105625617661, 3.1622776601683795, 6.0, 3.605551275463989, 3.0, 6.082762530298219, 2.0, 9.0, 6.324555320336759, 8.06225774829855, 4.242640687119285, 9.219544457292887, 4.47213595499958, 9.848857801796104, 8.06225774829855, 1.4142135623730951, 11.40175425099138, 5.0990195135927845, 5.0, 3.1622776601683795, 9.055385138137417, 8.06225774829855, 7.0710678118654755], [5.0, 5.385164807134504, 6.0, 7.211102550927978, 10.770329614269007, 5.0990195135927845, 5.385164807134504, 5.0990195135927845, 4.123105625617661, 7.0, 3.605551275463989, 7.810249675906654, 6.082762530298219, 5.656854249492381, 1.4142135623730951, 0.0, 4.123105625617661, 3.605551275463989, 3.0, 8.06225774829855, 2.23606797749979, 9.433981132056603, 10.816653826391969, 7.810249675906654, 9.848857801796104, 6.708203932499369, 3.1622776601683795, 4.123105625617661, 9.219544457292887, 8.06225774829855, 5.830951894845301, 8.94427190999916, 4.123105625617661, 11.180339887498949, 7.615773105863909, 8.246211251235321, 10.04987562112089, 6.708203932499369, 8.06225774829855, 1.0, 10.198039027185569, 3.0, 5.0, 4.0, 4.47213595499958, 6.4031242374328485, 4.242640687119285, 9.848857801796104, 9.486832980505138, 6.082762530298219, 2.23606797749979, 8.54400374531753, 5.0, 2.23606797749979, 10.0, 3.605551275463989, 10.770329614269007, 3.1622776601683795, 8.06225774829855, 3.1622776601683795, 8.48528137423857, 10.295630140987, 5.0990195135927845, 7.810249675906654, 6.324555320336759, 8.94427190999916, 3.0, 3.1622776601683795, 5.0990195135927845, 9.055385138137417, 5.656854249492381, 2.8284271247461903, 4.0, 6.4031242374328485, 7.0710678118654755, 2.23606797749979, 5.0990195135927845, 5.385164807134504, 4.0, 7.0710678118654755, 4.123105625617661, 2.23606797749979, 5.0, 1.4142135623730951, 10.04987562112089, 5.830951894845301, 9.433981132056603, 4.47213595499958, 9.219544457292887, 4.242640687119285, 10.44030650891055, 8.54400374531753, 2.0, 11.661903789690601, 6.324555320336759, 4.123105625617661, 2.0, 10.0, 9.219544457292887, 8.0], [7.211102550927978, 4.47213595499958, 2.23606797749979, 3.605551275463989, 6.708203932499369, 1.0, 3.1622776601683795, 6.4031242374328485, 5.830951894845301, 3.1622776601683795, 2.8284271247461903, 5.0990195135927845, 2.0, 3.0, 3.605551275463989, 4.123105625617661, 0.0, 1.4142135623730951, 4.47213595499958, 5.830951894845301, 5.0990195135927845, 5.656854249492381, 7.0710678118654755, 6.324555320336759, 5.830951894845301, 2.8284271247461903, 1.0, 5.830951894845301, 5.0990195135927845, 4.0, 4.123105625617661, 5.0, 2.0, 8.48528137423857, 3.605551275463989, 4.123105625617661, 6.0, 5.0990195135927845, 4.47213595499958, 4.0, 6.708203932499369, 1.4142135623730951, 5.0990195135927845, 5.0, 3.605551275463989, 3.1622776601683795, 4.123105625617661, 7.0710678118654755, 5.385164807134504, 7.0710678118654755, 2.0, 5.656854249492381, 3.1622776601683795, 2.8284271247461903, 6.4031242374328485, 3.1622776601683795, 7.810249675906654, 5.385164807134504, 4.242640687119285, 2.23606797749979, 5.385164807134504, 7.810249675906654, 5.0, 4.47213595499958, 5.385164807134504, 6.4031242374328485, 5.656854249492381, 6.4031242374328485, 2.23606797749979, 5.0, 5.0, 2.23606797749979, 1.0, 6.0, 6.082762530298219, 4.242640687119285, 7.810249675906654, 6.324555320336759, 6.4031242374328485, 3.605551275463989, 7.0710678118654755, 3.1622776601683795, 5.656854249492381, 5.385164807134504, 6.324555320336759, 4.123105625617661, 7.211102550927978, 1.0, 5.830951894845301, 2.23606797749979, 6.324555320336759, 4.47213595499958, 5.0, 7.810249675906654, 3.605551275463989, 4.242640687119285, 4.123105625617661, 6.082762530298219, 5.830951894845301, 4.123105625617661], [7.615773105863909, 3.1622776601683795, 3.605551275463989, 3.605551275463989, 7.280109889280518, 2.23606797749979, 4.47213595499958, 5.0, 4.47213595499958, 4.47213595499958, 1.4142135623730951, 4.47213595499958, 3.1622776601683795, 2.23606797749979, 3.605551275463989, 3.605551275463989, 1.4142135623730951, 0.0, 3.1622776601683795, 7.211102550927978, 4.0, 5.830951894845301, 7.211102550927978, 7.615773105863909, 6.324555320336759, 3.1622776601683795, 1.0, 6.324555320336759, 6.0, 5.0990195135927845, 5.385164807134504, 5.385164807134504, 3.1622776601683795, 9.899494936611665, 4.123105625617661, 5.0, 7.0710678118654755, 4.0, 5.830951894845301, 3.1622776601683795, 8.06225774829855, 2.0, 6.0, 3.605551275463989, 2.23606797749979, 2.8284271247461903, 5.0, 8.48528137423857, 6.082762530298219, 5.656854249492381, 1.4142135623730951, 7.0710678118654755, 2.0, 3.1622776601683795, 6.4031242374328485, 4.0, 9.219544457292887, 4.123105625617661, 4.47213595499958, 3.0, 5.0, 9.219544457292887, 3.605551275463989, 4.242640687119285, 4.123105625617661, 7.810249675906654, 5.830951894845301, 6.4031242374328485, 3.605551275463989, 6.082762530298219, 6.082762530298219, 1.0, 2.23606797749979, 7.0710678118654755, 7.280109889280518, 4.47213595499958, 8.06225774829855, 7.0710678118654755, 6.708203932499369, 5.0, 7.211102550927978, 2.0, 4.242640687119285, 5.0, 7.615773105863909, 3.0, 8.602325267042627, 1.0, 5.656854249492381, 1.0, 7.0710678118654755, 5.0990195135927845, 5.0, 8.06225774829855, 5.0, 2.8284271247461903, 3.0, 7.280109889280518, 7.211102550927978, 5.385164807134504], [8.0, 2.8284271247461903, 6.708203932499369, 6.082762530298219, 10.04987562112089, 5.385164807134504, 7.0710678118654755, 2.23606797749979, 1.4142135623730951, 7.615773105863909, 2.0, 5.830951894845301, 6.324555320336759, 4.123105625617661, 4.123105625617661, 3.0, 4.47213595499958, 3.1622776601683795, 0.0, 9.899494936611665, 1.4142135623730951, 8.246211251235321, 9.486832980505138, 10.0, 9.055385138137417, 6.0, 3.605551275463989, 7.0710678118654755, 9.055385138137417, 8.246211251235321, 7.810249675906654, 8.06225774829855, 5.656854249492381, 12.806248474865697, 7.0, 8.06225774829855, 10.198039027185569, 4.242640687119285, 8.94427190999916, 2.0, 11.180339887498949, 4.242640687119285, 7.615773105863909, 1.0, 2.23606797749979, 5.0990195135927845, 6.708203932499369, 11.40175425099138, 9.0, 3.1622776601683795, 2.8284271247461903, 10.0, 3.1622776601683795, 4.47213595499958, 8.54400374531753, 5.830951894845301, 12.206555615733702, 1.0, 7.0710678118654755, 5.0, 6.708203932499369, 12.041594578792296, 2.23606797749979, 6.324555320336759, 3.605551275463989, 10.63014581273465, 6.0, 6.082762530298219, 6.4031242374328485, 9.219544457292887, 8.06225774829855, 2.23606797749979, 5.0, 8.94427190999916, 9.433981132056603, 5.0990195135927845, 8.06225774829855, 8.246211251235321, 7.0, 8.06225774829855, 7.0710678118654755, 1.4142135623730951, 2.0, 4.123105625617661, 10.770329614269007, 3.605551275463989, 11.313708498984761, 4.123105625617661, 7.615773105863909, 3.0, 10.0, 8.0, 5.0, 10.44030650891055, 7.810249675906654, 1.4142135623730951, 1.0, 10.44030650891055, 10.295630140987, 8.54400374531753], [7.0710678118654755, 10.295630140987, 4.123105625617661, 8.06225774829855, 8.54400374531753, 5.385164807134504, 2.8284271247461903, 12.041594578792296, 11.313708498984761, 4.0, 8.602325267042627, 10.198039027185569, 5.0990195135927845, 8.54400374531753, 6.708203932499369, 8.06225774829855, 5.830951894845301, 7.211102550927978, 9.899494936611665, 0.0, 10.0, 9.055385138137417, 10.198039027185569, 1.4142135623730951, 8.246211251235321, 7.0710678118654755, 6.4031242374328485, 6.0, 6.324555320336759, 5.0990195135927845, 2.23606797749979, 8.06225774829855, 4.242640687119285, 3.1622776601683795, 7.0, 6.082762530298219, 5.830951894845301, 10.770329614269007, 3.1622776601683795, 8.602325267042627, 3.605551275463989, 5.656854249492381, 4.0, 10.63014581273465, 9.433981132056603, 8.246211251235321, 4.123105625617661, 2.0, 7.280109889280518, 12.806248474865697, 7.0710678118654755, 1.4142135623730951, 8.94427190999916, 5.830951894845301, 10.04987562112089, 4.47213595499958, 3.0, 10.63014581273465, 8.0, 5.0, 10.04987562112089, 2.23606797749979, 10.816653826391969, 9.055385138137417, 11.180339887498949, 1.0, 7.0710678118654755, 8.06225774829855, 3.605551275463989, 5.385164807134504, 3.0, 7.810249675906654, 5.0, 3.1622776601683795, 2.23606797749979, 6.324555320336759, 8.06225774829855, 5.0990195135927845, 7.0, 3.0, 8.0, 8.48528137423857, 11.40175425099138, 8.54400374531753, 4.242640687119285, 9.848857801796104, 1.4142135623730951, 6.708203932499369, 10.0, 8.06225774829855, 7.615773105863909, 7.0710678118654755, 7.280109889280518, 10.44030650891055, 2.23606797749979, 10.0, 9.219544457292887, 5.0, 2.8284271247461903, 4.123105625617661], [7.0710678118654755, 4.242640687119285, 7.280109889280518, 7.280109889280518, 11.180339887498949, 6.082762530298219, 7.211102550927978, 3.0, 2.0, 8.246211251235321, 3.1622776601683795, 7.211102550927978, 7.0710678118654755, 5.385164807134504, 3.605551275463989, 2.23606797749979, 5.0990195135927845, 4.0, 1.4142135623730951, 10.0, 0.0, 9.486832980505138, 10.770329614269007, 9.899494936611665, 10.198039027185569, 7.0710678118654755, 4.123105625617661, 6.324555320336759, 10.0, 9.055385138137417, 7.810249675906654, 9.219544457292887, 5.830951894845301, 13.038404810405298, 8.06225774829855, 9.0, 11.045361017187261, 5.656854249492381, 9.486832980505138, 1.4142135623730951, 11.704699910719626, 4.47213595499958, 7.211102550927978, 2.23606797749979, 3.605551275463989, 6.324555320336759, 6.4031242374328485, 11.661903789690601, 10.04987562112089, 4.0, 3.1622776601683795, 10.295630140987, 4.47213595499958, 4.242640687119285, 9.848857801796104, 5.656854249492381, 12.529964086141668, 1.0, 8.246211251235321, 5.0, 8.06225774829855, 12.206555615733702, 3.605551275463989, 7.615773105863909, 5.0, 10.816653826391969, 5.0990195135927845, 5.0, 6.708203932499369, 10.04987562112089, 7.810249675906654, 3.0, 5.385164807134504, 8.602325267042627, 9.219544457292887, 4.47213595499958, 7.0, 7.615773105863909, 6.082762530298219, 8.54400374531753, 6.0, 2.0, 3.1622776601683795, 3.0, 11.40175425099138, 5.0, 11.40175425099138, 5.0, 8.94427190999916, 4.123105625617661, 11.045361017187261, 9.055385138137417, 4.123105625617661, 11.704699910719626, 8.06225774829855, 2.8284271247461903, 1.0, 11.180339887498949, 10.770329614269007, 9.219544457292887], [12.806248474865697, 6.0, 5.385164807134504, 2.23606797749979, 2.23606797749979, 5.0, 7.615773105863909, 9.0, 9.055385138137417, 5.0990195135927845, 6.324555320336759, 3.1622776601683795, 4.47213595499958, 4.123105625617661, 9.219544457292887, 9.433981132056603, 5.656854249492381, 5.830951894845301, 8.246211251235321, 9.055385138137417, 9.486832980505138, 0.0, 1.4142135623730951, 10.198039027185569, 1.4142135623730951, 2.8284271247461903, 6.4031242374328485, 11.40175425099138, 3.1622776601683795, 4.0, 8.54400374531753, 1.0, 7.211102550927978, 10.198039027185569, 2.23606797749979, 3.0, 4.47213595499958, 5.0990195135927845, 6.0, 8.94427190999916, 7.280109889280518, 7.0710678118654755, 10.295630140987, 8.06225774829855, 6.082762530298219, 3.1622776601683795, 9.433981132056603, 9.055385138137417, 2.23606797749979, 9.055385138137417, 7.211102550927978, 8.0, 5.0990195135927845, 8.48528137423857, 1.0, 8.602325267042627, 9.219544457292887, 9.219544457292887, 1.4142135623730951, 7.810249675906654, 2.23606797749979, 10.04987562112089, 7.0, 2.0, 6.082762530298219, 9.0, 11.313708498984761, 12.041594578792296, 6.708203932499369, 4.123105625617661, 9.848857801796104, 6.708203932499369, 6.4031242374328485, 10.770329614269007, 10.44030650891055, 9.899494936611665, 13.45362404707371, 11.661903789690601, 12.041594578792296, 6.082762530298219, 12.727922061357855, 7.615773105863909, 8.0, 10.816653826391969, 6.324555320336759, 5.0, 10.0, 5.0, 1.4142135623730951, 5.385164807134504, 2.8284271247461903, 2.0, 10.63014581273465, 2.23606797749979, 7.280109889280518, 7.0710678118654755, 8.54400374531753, 5.385164807134504, 7.0710678118654755, 5.0], [14.212670403551895, 7.0710678118654755, 6.708203932499369, 3.605551275463989, 2.23606797749979, 6.4031242374328485, 8.94427190999916, 10.04987562112089, 10.198039027185569, 6.324555320336759, 7.615773105863909, 4.0, 5.830951894845301, 5.385164807134504, 10.63014581273465, 10.816653826391969, 7.0710678118654755, 7.211102550927978, 9.486832980505138, 10.198039027185569, 10.770329614269007, 1.4142135623730951, 0.0, 11.40175425099138, 2.0, 4.242640687119285, 7.810249675906654, 12.806248474865697, 4.0, 5.0990195135927845, 9.848857801796104, 2.23606797749979, 8.602325267042627, 11.045361017187261, 3.605551275463989, 4.123105625617661, 5.0990195135927845, 6.0, 7.0710678118654755, 10.295630140987, 8.06225774829855, 8.48528137423857, 11.661903789690601, 9.219544457292887, 7.280109889280518, 4.47213595499958, 10.816653826391969, 10.0, 3.0, 10.0, 8.602325267042627, 9.055385138137417, 6.324555320336759, 9.899494936611665, 1.0, 10.0, 10.049875621120