{"pos": [[2, 10], [11, 8], [4, 10], [5, 9], [7, 6], [12, 5], [7, 8], [9, 6], [10, 12], [6, 9], [5, 1], [0, 12], [2, 1], [0, 3], [12, 2], [2, 8], [11, 12], [3, 9], [0, 7], [11, 7], [10, 1], [1, 0], [8, 12], [0, 10], [1, 7], [7, 12], [0, 4], [5, 2], [0, 5], [4, 3], [4, 8], [8, 2], [6, 7], [2, 0], [5, 6], [0, 11], [9, 3], [2, 3], [4, 7], [9, 11], [3, 6], [10, 7], [12, 8], [4, 0], [8, 0], [4, 12], [9, 10], [1, 6], [1, 4], [10, 4], [4, 5], [10, 8], [11, 9], [11, 2], [5, 8], [4, 4], [7, 9], [11, 10], [5, 10], [5, 12], [2, 4], [8, 6], [6, 1], [9, 5], [12, 9], [12, 10], [4, 1], [3, 8], [6, 6], [1, 1], [6, 8], [3, 0], [8, 11], [5, 4], [5, 11], [0, 0], [8, 8], [11, 3], [6, 4], [2, 6], [9, 12], [2, 5], [3, 4], [5, 7], [2, 9], [12, 1], [10, 2], [11, 4], [7, 10], [8, 1], [9, 0], [8, 9], [7, 5], [3, 12], [1, 10], [5, 5], [1, 3], [1, 5], [6, 5], [9, 8], [6, 2], [11, 0], [8, 3], [9, 1], [8, 10], [4, 2], [10, 0], [1, 9], [0, 9], [2, 2], [10, 10], [3, 7], [0, 1], [7, 0], [6, 12], [10, 3], [2, 11], [11, 6]], "edges": [[0, 17], [0, 84], [0, 94], [0, 107], [0, 116], [1, 19], [1, 41], [1, 42], [1, 51], [1, 52], [1, 64], [2, 3], [2, 17], [2, 58], [2, 74], [3, 9], [3, 30], [3, 54], [3, 58], [3, 70], [4, 32], [4, 61], [4, 68], [4, 92], [4, 98], [5, 87], [5, 117], [6, 9], [6, 32], [6, 56], [6, 70], [6, 76], [6, 91], [7, 41], [7, 61], [7, 63], [8, 16], [8, 39], [8, 80], [9, 54], [9, 56], [9, 58], [9, 70], [9, 88], [10, 27], [10, 43], [10, 62], [10, 66], [10, 100], [10, 105], [11, 35], [12, 21], [12, 33], [12, 69], [12, 71], [12, 109], [13, 26], [13, 48], [13, 96], [14, 53], [14, 77], [14, 85], [15, 17], [15, 24], [15, 67], [15, 84], [15, 107], [15, 111], [17, 30], [17, 67], [17, 84], [18, 24], [18, 47], [19, 41], [19, 42], [19, 51], [19, 117], [20, 53], [20, 86], [20, 90], [20, 101], [20, 103], [20, 106], [21, 33], [21, 69], [21, 75], [21, 112], [22, 25], [22, 39], [22, 72], [22, 80], [23, 35], [23, 94], [23, 107], [23, 108], [24, 47], [24, 79], [25, 72], [25, 114], [26, 28], [26, 48], [26, 96], [26, 97], [27, 29], [27, 62], [27, 66], [27, 100], [27, 105], [28, 47], [28, 48], [28, 97], [29, 55], [29, 73], [29, 82], [29, 105], [30, 38], [30, 54], [30, 67], [30, 83], [30, 111], [31, 36], [31, 89], [31, 102], [31, 103], [32, 34], [32, 54], [32, 68], [32, 70], [32, 83], [33, 69], [33, 71], [34, 38], [34, 50], [34, 68], [34, 83], [34, 95], [34, 98], [35, 94], [36, 49], [36, 86], [36, 102], [36, 115], [37, 48], [37, 60], [37, 82], [37, 96], [37, 109], [38, 40], [38, 54], [38, 67], [38, 83], [38, 111], [39, 46], [39, 72], [39, 80], [39, 104], [39, 110], [40, 50], [40, 79], [40, 81], [40, 111], [41, 51], [41, 99], [41, 117], [42, 52], [42, 64], [43, 66], [43, 71], [44, 89], [44, 90], [44, 103], [44, 113], [45, 59], [45, 74], [45, 93], [46, 72], [46, 91], [46, 104], [46, 110], [47, 79], [47, 81], [47, 97], [48, 60], [48, 81], [48, 96], [48, 97], [49, 63], [49, 77], [49, 87], [49, 115], [50, 55], [50, 73], [50, 82], [50, 95], [51, 52], [51, 99], [52, 57], [52, 64], [52, 65], [52, 110], [53, 77], [53, 85], [53, 86], [53, 115], [54, 70], [54, 83], [55, 73], [55, 82], [55, 95], [56, 70], [56, 76], [56, 88], [56, 91], [56, 104], [57, 64], [57, 65], [57, 110], [58, 74], [59, 74], [59, 114], [60, 81], [60, 82], [60, 96], [60, 97], [61, 63], [61, 92], [62, 100], [62, 113], [64, 65], [66, 71], [66, 105], [67, 84], [67, 111], [68, 83], [68, 92], [68, 95], [68, 98], [69, 75], [69, 109], [69, 112], [70, 83], [72, 80], [72, 88], [72, 104], [73, 78], [73, 95], [73, 98], [74, 114], [75, 112], [76, 91], [76, 99], [77, 86], [77, 87], [77, 115], [78, 92], [78, 95], [78, 98], [79, 81], [79, 97], [79, 111], [81, 82], [81, 97], [84, 94], [84, 107], [85, 101], [86, 103], [86, 115], [87, 115], [88, 91], [88, 104], [89, 90], [89, 103], [89, 113], [90, 103], [90, 106], [91, 99], [91, 104], [92, 98], [93, 116], [94, 107], [94, 108], [94, 116], [95, 98], [96, 109], [101, 106], [103, 106], [107, 108]], "distances": [[0.0, 9.219544457292887, 2.0, 3.1622776601683795, 6.4031242374328485, 11.180339887498949, 5.385164807134504, 8.06225774829855, 8.246211251235321, 4.123105625617661, 9.486832980505138, 2.8284271247461903, 9.0, 7.280109889280518, 12.806248474865697, 2.0, 9.219544457292887, 1.4142135623730951, 3.605551275463989, 9.486832980505138, 12.041594578792296, 10.04987562112089, 6.324555320336759, 2.0, 3.1622776601683795, 5.385164807134504, 6.324555320336759, 8.54400374531753, 5.385164807134504, 7.280109889280518, 2.8284271247461903, 10.0, 5.0, 10.0, 5.0, 2.23606797749979, 9.899494936611665, 7.0, 3.605551275463989, 7.0710678118654755, 4.123105625617661, 8.54400374531753, 10.198039027185569, 10.198039027185569, 11.661903789690601, 2.8284271247461903, 7.0, 4.123105625617661, 6.082762530298219, 10.0, 5.385164807134504, 8.246211251235321, 9.055385138137417, 12.041594578792296, 3.605551275463989, 6.324555320336759, 5.0990195135927845, 9.0, 3.0, 3.605551275463989, 6.0, 7.211102550927978, 9.848857801796104, 8.602325267042627, 10.04987562112089, 10.0, 9.219544457292887, 2.23606797749979, 5.656854249492381, 9.055385138137417, 4.47213595499958, 10.04987562112089, 6.082762530298219, 6.708203932499369, 3.1622776601683795, 10.198039027185569, 6.324555320336759, 11.40175425099138, 7.211102550927978, 4.0, 7.280109889280518, 5.0, 6.082762530298219, 4.242640687119285, 1.0, 13.45362404707371, 11.313708498984761, 10.816653826391969, 5.0, 10.816653826391969, 12.206555615733702, 6.082762530298219, 7.0710678118654755, 2.23606797749979, 1.0, 5.830951894845301, 7.0710678118654755, 5.0990195135927845, 6.4031242374328485, 7.280109889280518, 8.94427190999916, 13.45362404707371, 9.219544457292887, 11.40175425099138, 6.0, 8.246211251235321, 12.806248474865697, 1.4142135623730951, 2.23606797749979, 8.0, 8.0, 3.1622776601683795, 9.219544457292887, 11.180339887498949, 4.47213595499958, 10.63014581273465, 1.0, 9.848857801796104], [9.219544457292887, 0.0, 7.280109889280518, 6.082762530298219, 4.47213595499958, 3.1622776601683795, 4.0, 2.8284271247461903, 4.123105625617661, 5.0990195135927845, 9.219544457292887, 11.704699910719626, 11.40175425099138, 12.083045973594572, 6.082762530298219, 9.0, 4.0, 8.06225774829855, 11.045361017187261, 1.0, 7.0710678118654755, 12.806248474865697, 5.0, 11.180339887498949, 10.04987562112089, 5.656854249492381, 11.704699910719626, 8.48528137423857, 11.40175425099138, 8.602325267042627, 7.0, 6.708203932499369, 5.0990195135927845, 12.041594578792296, 6.324555320336759, 11.40175425099138, 5.385164807134504, 10.295630140987, 7.0710678118654755, 3.605551275463989, 8.246211251235321, 1.4142135623730951, 1.0, 10.63014581273465, 8.54400374531753, 8.06225774829855, 2.8284271247461903, 10.198039027185569, 10.770329614269007, 4.123105625617661, 7.615773105863909, 1.0, 1.0, 6.0, 6.0, 8.06225774829855, 4.123105625617661, 2.0, 6.324555320336759, 7.211102550927978, 9.848857801796104, 3.605551275463989, 8.602325267042627, 3.605551275463989, 1.4142135623730951, 2.23606797749979, 9.899494936611665, 8.0, 5.385164807134504, 12.206555615733702, 5.0, 11.313708498984761, 4.242640687119285, 7.211102550927978, 6.708203932499369, 13.601470508735444, 3.0, 5.0, 6.4031242374328485, 9.219544457292887, 4.47213595499958, 9.486832980505138, 8.94427190999916, 6.082762530298219, 9.055385138137417, 7.0710678118654755, 6.082762530298219, 4.0, 4.47213595499958, 7.615773105863909, 8.246211251235321, 3.1622776601683795, 5.0, 8.94427190999916, 10.198039027185569, 6.708203932499369, 11.180339887498949, 10.44030650891055, 5.830951894845301, 2.0, 7.810249675906654, 8.0, 5.830951894845301, 7.280109889280518, 3.605551275463989, 9.219544457292887, 8.06225774829855, 10.04987562112089, 11.045361017187261, 10.816653826391969, 2.23606797749979, 8.06225774829855, 13.038404810405298, 8.94427190999916, 6.4031242374328485, 5.0990195135927845, 9.486832980505138, 2.0], [2.0, 7.280109889280518, 0.0, 1.4142135623730951, 5.0, 9.433981132056603, 3.605551275463989, 6.4031242374328485, 6.324555320336759, 2.23606797749979, 9.055385138137417, 4.47213595499958, 9.219544457292887, 8.06225774829855, 11.313708498984761, 2.8284271247461903, 7.280109889280518, 1.4142135623730951, 5.0, 7.615773105863909, 10.816653826391969, 10.44030650891055, 4.47213595499958, 4.0, 4.242640687119285, 3.605551275463989, 7.211102550927978, 8.06225774829855, 6.4031242374328485, 7.0, 2.0, 8.94427190999916, 3.605551275463989, 10.198039027185569, 4.123105625617661, 4.123105625617661, 8.602325267042627, 7.280109889280518, 3.0, 5.0990195135927845, 4.123105625617661, 6.708203932499369, 8.246211251235321, 10.0, 10.770329614269007, 2.0, 5.0, 5.0, 6.708203932499369, 8.48528137423857, 5.0, 6.324555320336759, 7.0710678118654755, 10.63014581273465, 2.23606797749979, 6.0, 3.1622776601683795, 7.0, 1.0, 2.23606797749979, 6.324555320336759, 5.656854249492381, 9.219544457292887, 7.0710678118654755, 8.06225774829855, 8.0, 9.0, 2.23606797749979, 4.47213595499958, 9.486832980505138, 2.8284271247461903, 10.04987562112089, 4.123105625617661, 6.082762530298219, 1.4142135623730951, 10.770329614269007, 4.47213595499958, 9.899494936611665, 6.324555320336759, 4.47213595499958, 5.385164807134504, 5.385164807134504, 6.082762530298219, 3.1622776601683795, 2.23606797749979, 12.041594578792296, 10.0, 9.219544457292887, 3.0, 9.848857801796104, 11.180339887498949, 4.123105625617661, 5.830951894845301, 2.23606797749979, 3.0, 5.0990195135927845, 7.615773105863909, 5.830951894845301, 5.385164807134504, 5.385164807134504, 8.246211251235321, 12.206555615733702, 8.06225774829855, 10.295630140987, 4.0, 8.0, 11.661903789690601, 3.1622776601683795, 4.123105625617661, 8.246211251235321, 6.0, 3.1622776601683795, 9.848857801796104, 10.44030650891055, 2.8284271247461903, 9.219544457292887, 2.23606797749979, 8.06225774829855], [3.1622776601683795, 6.082762530298219, 1.4142135623730951, 0.0, 3.605551275463989, 8.06225774829855, 2.23606797749979, 5.0, 5.830951894845301, 1.0, 8.0, 5.830951894845301, 8.54400374531753, 7.810249675906654, 9.899494936611665, 3.1622776601683795, 6.708203932499369, 2.0, 5.385164807134504, 6.324555320336759, 9.433981132056603, 9.848857801796104, 4.242640687119285, 5.0990195135927845, 4.47213595499958, 3.605551275463989, 7.0710678118654755, 7.0, 6.4031242374328485, 6.082762530298219, 1.4142135623730951, 7.615773105863909, 2.23606797749979, 9.486832980505138, 3.0, 5.385164807134504, 7.211102550927978, 6.708203932499369, 2.23606797749979, 4.47213595499958, 3.605551275463989, 5.385164807134504, 7.0710678118654755, 9.055385138137417, 9.486832980505138, 3.1622776601683795, 4.123105625617661, 5.0, 6.4031242374328485, 7.0710678118654755, 4.123105625617661, 5.0990195135927845, 6.0, 9.219544457292887, 1.0, 5.0990195135927845, 2.0, 6.082762530298219, 1.0, 3.0, 5.830951894845301, 4.242640687119285, 8.06225774829855, 5.656854249492381, 7.0, 7.0710678118654755, 8.06225774829855, 2.23606797749979, 3.1622776601683795, 8.94427190999916, 1.4142135623730951, 9.219544457292887, 3.605551275463989, 5.0, 2.0, 10.295630140987, 3.1622776601683795, 8.48528137423857, 5.0990195135927845, 4.242640687119285, 5.0, 5.0, 5.385164807134504, 2.0, 3.0, 10.63014581273465, 8.602325267042627, 7.810249675906654, 2.23606797749979, 8.54400374531753, 9.848857801796104, 3.0, 4.47213595499958, 3.605551275463989, 4.123105625617661, 4.0, 7.211102550927978, 5.656854249492381, 4.123105625617661, 4.123105625617661, 7.0710678118654755, 10.816653826391969, 6.708203932499369, 8.94427190999916, 3.1622776601683795, 7.0710678118654755, 10.295630140987, 4.0, 5.0, 7.615773105863909, 5.0990195135927845, 2.8284271247461903, 9.433981132056603, 9.219544457292887, 3.1622776601683795, 7.810249675906654, 3.605551275463989, 6.708203932499369], [6.4031242374328485, 4.47213595499958, 5.0, 3.605551275463989, 0.0, 5.0990195135927845, 2.0, 2.0, 6.708203932499369, 3.1622776601683795, 5.385164807134504, 9.219544457292887, 7.0710678118654755, 7.615773105863909, 6.4031242374328485, 5.385164807134504, 7.211102550927978, 5.0, 7.0710678118654755, 4.123105625617661, 5.830951894845301, 8.48528137423857, 6.082762530298219, 8.06225774829855, 6.082762530298219, 6.0, 7.280109889280518, 4.47213595499958, 7.0710678118654755, 4.242640687119285, 3.605551275463989, 4.123105625617661, 1.4142135623730951, 7.810249675906654, 2.0, 8.602325267042627, 3.605551275463989, 5.830951894845301, 3.1622776601683795, 5.385164807134504, 4.0, 3.1622776601683795, 5.385164807134504, 6.708203932499369, 6.082762530298219, 6.708203932499369, 4.47213595499958, 6.0, 6.324555320336759, 3.605551275463989, 3.1622776601683795, 3.605551275463989, 5.0, 5.656854249492381, 2.8284271247461903, 3.605551275463989, 3.0, 5.656854249492381, 4.47213595499958, 6.324555320336759, 5.385164807134504, 1.0, 5.0990195135927845, 2.23606797749979, 5.830951894845301, 6.4031242374328485, 5.830951894845301, 4.47213595499958, 1.0, 7.810249675906654, 2.23606797749979, 7.211102550927978, 5.0990195135927845, 2.8284271247461903, 5.385164807134504, 9.219544457292887, 2.23606797749979, 5.0, 2.23606797749979, 5.0, 6.324555320336759, 5.0990195135927845, 4.47213595499958, 2.23606797749979, 5.830951894845301, 7.0710678118654755, 5.0, 4.47213595499958, 4.0, 5.0990195135927845, 6.324555320336759, 3.1622776601683795, 1.0, 7.211102550927978, 7.211102550927978, 2.23606797749979, 6.708203932499369, 6.082762530298219, 1.4142135623730951, 2.8284271247461903, 4.123105625617661, 7.211102550927978, 3.1622776601683795, 5.385164807134504, 4.123105625617661, 5.0, 6.708203932499369, 6.708203932499369, 7.615773105863909, 6.4031242374328485, 5.0, 4.123105625617661, 8.602325267042627, 6.0, 6.082762530298219, 4.242640687119285, 7.0710678118654755, 4.0], [11.180339887498949, 3.1622776601683795, 9.433981132056603, 8.06225774829855, 5.0990195135927845, 0.0, 5.830951894845301, 3.1622776601683795, 7.280109889280518, 7.211102550927978, 8.06225774829855, 13.892443989449804, 10.770329614269007, 12.165525060596439, 3.0, 10.44030650891055, 7.0710678118654755, 9.848857801796104, 12.165525060596439, 2.23606797749979, 4.47213595499958, 12.083045973594572, 8.06225774829855, 13.0, 11.180339887498949, 8.602325267042627, 12.041594578792296, 7.615773105863909, 12.0, 8.246211251235321, 8.54400374531753, 5.0, 6.324555320336759, 11.180339887498949, 7.0710678118654755, 13.416407864998739, 3.605551275463989, 10.198039027185569, 8.246211251235321, 6.708203932499369, 9.055385138137417, 2.8284271247461903, 3.0, 9.433981132056603, 6.4031242374328485, 10.63014581273465, 5.830951894845301, 11.045361017187261, 11.045361017187261, 2.23606797749979, 8.0, 3.605551275463989, 4.123105625617661, 3.1622776601683795, 7.615773105863909, 8.06225774829855, 6.4031242374328485, 5.0990195135927845, 8.602325267042627, 9.899494936611665, 10.04987562112089, 4.123105625617661, 7.211102550927978, 3.0, 4.0, 5.0, 8.94427190999916, 9.486832980505138, 6.082762530298219, 11.704699910719626, 6.708203932499369, 10.295630140987, 7.211102550927978, 7.0710678118654755, 9.219544457292887, 13.0, 5.0, 2.23606797749979, 6.082762530298219, 10.04987562112089, 7.615773105863909, 10.0, 9.055385138137417, 7.280109889280518, 10.770329614269007, 4.0, 3.605551275463989, 1.4142135623730951, 7.0710678118654755, 5.656854249492381, 5.830951894845301, 5.656854249492381, 5.0, 11.40175425099138, 12.083045973594572, 7.0, 11.180339887498949, 11.0, 6.0, 4.242640687119285, 6.708203932499369, 5.0990195135927845, 4.47213595499958, 5.0, 6.4031242374328485, 8.54400374531753, 5.385164807134504, 11.704699910719626, 12.649110640673518, 10.44030650891055, 5.385164807134504, 9.219544457292887, 12.649110640673518, 7.0710678118654755, 9.219544457292887, 2.8284271247461903, 11.661903789690601, 1.4142135623730951], [5.385164807134504, 4.0, 3.605551275463989, 2.23606797749979, 2.0, 5.830951894845301, 0.0, 2.8284271247461903, 5.0, 1.4142135623730951, 7.280109889280518, 8.06225774829855, 8.602325267042627, 8.602325267042627, 7.810249675906654, 5.0, 5.656854249492381, 4.123105625617661, 7.0710678118654755, 4.123105625617661, 7.615773105863909, 10.0, 4.123105625617661, 7.280109889280518, 6.082762530298219, 4.0, 8.06225774829855, 6.324555320336759, 7.615773105863909, 5.830951894845301, 3.0, 6.082762530298219, 1.4142135623730951, 9.433981132056603, 2.8284271247461903, 7.615773105863909, 5.385164807134504, 7.0710678118654755, 3.1622776601683795, 3.605551275463989, 4.47213595499958, 3.1622776601683795, 5.0, 8.54400374531753, 8.06225774829855, 5.0, 2.8284271247461903, 6.324555320336759, 7.211102550927978, 5.0, 4.242640687119285, 3.0, 4.123105625617661, 7.211102550927978, 2.0, 5.0, 1.0, 4.47213595499958, 2.8284271247461903, 4.47213595499958, 6.4031242374328485, 2.23606797749979, 7.0710678118654755, 3.605551275463989, 5.0990195135927845, 5.385164807134504, 7.615773105863909, 4.0, 2.23606797749979, 9.219544457292887, 1.0, 8.94427190999916, 3.1622776601683795, 4.47213595499958, 3.605551275463989, 10.63014581273465, 1.0, 6.4031242374328485, 4.123105625617661, 5.385164807134504, 4.47213595499958, 5.830951894845301, 5.656854249492381, 2.23606797749979, 5.0990195135927845, 8.602325267042627, 6.708203932499369, 5.656854249492381, 2.0, 7.0710678118654755, 8.246211251235321, 1.4142135623730951, 3.0, 5.656854249492381, 6.324555320336759, 3.605551275463989, 7.810249675906654, 6.708203932499369, 3.1622776601683795, 2.0, 6.082762530298219, 8.94427190999916, 5.0990195135927845, 7.280109889280518, 2.23606797749979, 6.708203932499369, 8.54400374531753, 6.082762530298219, 7.0710678118654755, 7.810249675906654, 3.605551275463989, 4.123105625617661, 9.899494936611665, 8.0, 4.123105625617661, 5.830951894845301, 5.830951894845301, 4.47213595499958], [8.06225774829855, 2.8284271247461903, 6.4031242374328485, 5.0, 2.0, 3.1622776601683795, 2.8284271247461903, 0.0, 6.082762530298219, 4.242640687119285, 6.4031242374328485, 10.816653826391969, 8.602325267042627, 9.486832980505138, 5.0, 7.280109889280518, 6.324555320336759, 6.708203932499369, 9.055385138137417, 2.23606797749979, 5.0990195135927845, 10.0, 6.082762530298219, 9.848857801796104, 8.06225774829855, 6.324555320336759, 9.219544457292887, 5.656854249492381, 9.055385138137417, 5.830951894845301, 5.385164807134504, 4.123105625617661, 3.1622776601683795, 9.219544457292887, 4.0, 10.295630140987, 3.0, 7.615773105863909, 5.0990195135927845, 5.0, 6.0, 1.4142135623730951, 3.605551275463989, 7.810249675906654, 6.082762530298219, 7.810249675906654, 4.0, 8.0, 8.246211251235321, 2.23606797749979, 5.0990195135927845, 2.23606797749979, 3.605551275463989, 4.47213595499958, 4.47213595499958, 5.385164807134504, 3.605551275463989, 4.47213595499958, 5.656854249492381, 7.211102550927978, 7.280109889280518, 1.0, 5.830951894845301, 1.0, 4.242640687119285, 5.0, 7.0710678118654755, 6.324555320336759, 3.0, 9.433981132056603, 3.605551275463989, 8.48528137423857, 5.0990195135927845, 4.47213595499958, 6.4031242374328485, 10.816653826391969, 2.23606797749979, 3.605551275463989, 3.605551275463989, 7.0, 6.0, 7.0710678118654755, 6.324555320336759, 4.123105625617661, 7.615773105863909, 5.830951894845301, 4.123105625617661, 2.8284271247461903, 4.47213595499958, 5.0990195135927845, 6.0, 3.1622776601683795, 2.23606797749979, 8.48528137423857, 8.94427190999916, 4.123105625617661, 8.54400374531753, 8.06225774829855, 3.1622776601683795, 2.0, 5.0, 6.324555320336759, 3.1622776601683795, 5.0, 4.123105625617661, 6.4031242374328485, 6.082762530298219, 8.54400374531753, 9.486832980505138, 8.06225774829855, 4.123105625617661, 6.082762530298219, 10.295630140987, 6.324555320336759, 6.708203932499369, 3.1622776601683795, 8.602325267042627, 2.0], [8.246211251235321, 4.123105625617661, 6.324555320336759, 5.830951894845301, 6.708203932499369, 7.280109889280518, 5.0, 6.082762530298219, 0.0, 5.0, 12.083045973594572, 10.0, 13.601470508735444, 13.45362404707371, 10.198039027185569, 8.94427190999916, 1.0, 7.615773105863909, 11.180339887498949, 5.0990195135927845, 11.0, 15.0, 2.0, 10.198039027185569, 10.295630140987, 3.0, 12.806248474865697, 11.180339887498949, 12.206555615733702, 10.816653826391969, 7.211102550927978, 10.198039027185569, 6.4031242374328485, 14.422205101855956, 7.810249675906654, 10.04987562112089, 9.055385138137417, 12.041594578792296, 7.810249675906654, 1.4142135623730951, 9.219544457292887, 5.0, 4.47213595499958, 13.416407864998739, 12.165525060596439, 6.0, 2.23606797749979, 10.816653826391969, 12.041594578792296, 8.0, 9.219544457292887, 4.0, 3.1622776601683795, 10.04987562112089, 6.4031242374328485, 10.0, 4.242640687119285, 2.23606797749979, 5.385164807134504, 5.0, 11.313708498984761, 6.324555320336759, 11.704699910719626, 7.0710678118654755, 3.605551275463989, 2.8284271247461903, 12.529964086141668, 8.06225774829855, 7.211102550927978, 14.212670403551895, 5.656854249492381, 13.892443989449804, 2.23606797749979, 9.433981132056603, 5.0990195135927845, 15.620499351813308, 4.47213595499958, 9.055385138137417, 8.94427190999916, 10.0, 1.0, 10.63014581273465, 10.63014581273465, 7.0710678118654755, 8.54400374531753, 11.180339887498949, 10.0, 8.06225774829855, 3.605551275463989, 11.180339887498949, 12.041594578792296, 3.605551275463989, 7.615773105863909, 7.0, 9.219544457292887, 8.602325267042627, 12.727922061357855, 11.40175425099138, 8.06225774829855, 4.123105625617661, 10.770329614269007, 12.041594578792296, 9.219544457292887, 11.045361017187261, 2.8284271247461903, 11.661903789690601, 12.0, 9.486832980505138, 10.44030650891055, 12.806248474865697, 2.0, 8.602325267042627, 14.866068747318506, 12.36931687685298, 4.0, 9.0, 8.06225774829855, 6.082762530298219], [4.123105625617661, 5.0990195135927845, 2.23606797749979, 1.0, 3.1622776601683795, 7.211102550927978, 1.4142135623730951, 4.242640687119285, 5.0, 0.0, 8.06225774829855, 6.708203932499369, 8.94427190999916, 8.48528137423857, 9.219544457292887, 4.123105625617661, 5.830951894845301, 3.0, 6.324555320336759, 5.385164807134504, 8.94427190999916, 10.295630140987, 3.605551275463989, 6.082762530298219, 5.385164807134504, 3.1622776601683795, 7.810249675906654, 7.0710678118654755, 7.211102550927978, 6.324555320336759, 2.23606797749979, 7.280109889280518, 2.0, 9.848857801796104, 3.1622776601683795, 6.324555320336759, 6.708203932499369, 7.211102550927978, 2.8284271247461903, 3.605551275463989, 4.242640687119285, 4.47213595499958, 6.082762530298219, 9.219544457292887, 9.219544457292887, 3.605551275463989, 3.1622776601683795, 5.830951894845301, 7.0710678118654755, 6.4031242374328485, 4.47213595499958, 4.123105625617661, 5.0, 8.602325267042627, 1.4142135623730951, 5.385164807134504, 1.0, 5.0990195135927845, 1.4142135623730951, 3.1622776601683795, 6.4031242374328485, 3.605551275463989, 8.0, 5.0, 6.0, 6.082762530298219, 8.246211251235321, 3.1622776601683795, 3.0, 9.433981132056603, 1.0, 9.486832980505138, 2.8284271247461903, 5.0990195135927845, 2.23606797749979, 10.816653826391969, 2.23606797749979, 7.810249675906654, 5.0, 5.0, 4.242640687119285, 5.656854249492381, 5.830951894845301, 2.23606797749979, 4.0, 10.0, 8.06225774829855, 7.0710678118654755, 1.4142135623730951, 8.246211251235321, 9.486832980505138, 2.0, 4.123105625617661, 4.242640687119285, 5.0990195135927845, 4.123105625617661, 7.810249675906654, 6.4031242374328485, 4.0, 3.1622776601683795, 7.0, 10.295630140987, 6.324555320336759, 8.54400374531753, 2.23606797749979, 7.280109889280518, 9.848857801796104, 5.0, 6.0, 8.06225774829855, 4.123105625617661, 3.605551275463989, 10.0, 9.055385138137417, 3.0, 7.211102550927978, 4.47213595499958, 5.830951894845301], [9.486832980505138, 9.219544457292887, 9.055385138137417, 8.0, 5.385164807134504, 8.06225774829855, 7.280109889280518, 6.4031242374328485, 12.083045973594572, 8.06225774829855, 0.0, 12.083045973594572, 3.0, 5.385164807134504, 7.0710678118654755, 7.615773105863909, 12.529964086141668, 8.246211251235321, 7.810249675906654, 8.48528137423857, 5.0, 4.123105625617661, 11.40175425099138, 10.295630140987, 7.211102550927978, 11.180339887498949, 5.830951894845301, 1.0, 6.4031242374328485, 2.23606797749979, 7.0710678118654755, 3.1622776601683795, 6.082762530298219, 3.1622776601683795, 5.0, 11.180339887498949, 4.47213595499958, 3.605551275463989, 6.082762530298219, 10.770329614269007, 5.385164807134504, 7.810249675906654, 9.899494936611665, 1.4142135623730951, 3.1622776601683795, 11.045361017187261, 9.848857801796104, 6.4031242374328485, 5.0, 5.830951894845301, 4.123105625617661, 8.602325267042627, 10.0, 6.082762530298219, 7.0, 3.1622776601683795, 8.246211251235321, 10.816653826391969, 9.0, 11.0, 4.242640687119285, 5.830951894845301, 1.0, 5.656854249492381, 10.63014581273465, 11.40175425099138, 1.0, 7.280109889280518, 5.0990195135927845, 4.0, 7.0710678118654755, 2.23606797749979, 10.44030650891055, 3.0, 10.0, 5.0990195135927845, 7.615773105863909, 6.324555320336759, 3.1622776601683795, 5.830951894845301, 11.704699910719626, 5.0, 3.605551275463989, 6.0, 8.54400374531753, 7.0, 5.0990195135927845, 6.708203932499369, 9.219544457292887, 3.0, 4.123105625617661, 8.54400374531753, 4.47213595499958, 11.180339887498949, 9.848857801796104, 4.0, 4.47213595499958, 5.656854249492381, 4.123105625617661, 8.06225774829855, 1.4142135623730951, 6.082762530298219, 3.605551275463989, 4.0, 9.486832980505138, 1.4142135623730951, 5.0990195135927845, 8.94427190999916, 9.433981132056603, 3.1622776601683795, 10.295630140987, 6.324555320336759, 5.0, 2.23606797749979, 11.045361017187261, 5.385164807134504, 10.44030650891055, 7.810249675906654], [2.8284271247461903, 11.704699910719626, 4.47213595499958, 5.830951894845301, 9.219544457292887, 13.892443989449804, 8.06225774829855, 10.816653826391969, 10.0, 6.708203932499369, 12.083045973594572, 0.0, 11.180339887498949, 9.0, 15.620499351813308, 4.47213595499958, 11.0, 4.242640687119285, 5.0, 12.083045973594572, 14.866068747318506, 12.041594578792296, 8.0, 2.0, 5.0990195135927845, 7.0, 8.0, 11.180339887498949, 7.0, 9.848857801796104, 5.656854249492381, 12.806248474865697, 7.810249675906654, 12.165525060596439, 7.810249675906654, 1.0, 12.727922061357855, 9.219544457292887, 6.4031242374328485, 9.055385138137417, 6.708203932499369, 11.180339887498949, 12.649110640673518, 12.649110640673518, 14.422205101855956, 4.0, 9.219544457292887, 6.082762530298219, 8.06225774829855, 12.806248474865697, 8.06225774829855, 10.770329614269007, 11.40175425099138, 14.866068747318506, 6.4031242374328485, 8.94427190999916, 7.615773105863909, 11.180339887498949, 5.385164807134504, 5.0, 8.246211251235321, 10.0, 12.529964086141668, 11.40175425099138, 12.36931687685298, 12.165525060596439, 11.704699910719626, 5.0, 8.48528137423857, 11.045361017187261, 7.211102550927978, 12.36931687685298, 8.06225774829855, 9.433981132056603, 5.0990195135927845, 12.0, 8.94427190999916, 14.212670403551895, 10.0, 6.324555320336759, 9.0, 7.280109889280518, 8.54400374531753, 7.0710678118654755, 3.605551275463989, 16.278820596099706, 14.142135623730951, 13.601470508735444, 7.280109889280518, 13.601470508735444, 15.0, 8.54400374531753, 9.899494936611665, 3.0, 2.23606797749979, 8.602325267042627, 9.055385138137417, 7.0710678118654755, 9.219544457292887, 9.848857801796104, 11.661903789690601, 16.278820596099706, 12.041594578792296, 14.212670403551895, 8.246211251235321, 10.770329614269007, 15.620499351813308, 3.1622776601683795, 3.0, 10.198039027185569, 10.198039027185569, 5.830951894845301, 11.0, 13.892443989449804, 6.0, 13.45362404707371, 2.23606797749979, 12.529964086141668], [9.0, 11.40175425099138, 9.219544457292887, 8.54400374531753, 7.0710678118654755, 10.770329614269007, 8.602325267042627, 8.602325267042627, 13.601470508735444, 8.94427190999916, 3.0, 11.180339887498949, 0.0, 2.8284271247461903, 10.04987562112089, 7.0, 14.212670403551895, 8.06225774829855, 6.324555320336759, 10.816653826391969, 8.0, 1.4142135623730951, 12.529964086141668, 9.219544457292887, 6.082762530298219, 12.083045973594572, 3.605551275463989, 3.1622776601683795, 4.47213595499958, 2.8284271247461903, 7.280109889280518, 6.082762530298219, 7.211102550927978, 1.0, 5.830951894845301, 10.198039027185569, 7.280109889280518, 2.0, 6.324555320336759, 12.206555615733702, 5.0990195135927845, 10.0, 12.206555615733702, 2.23606797749979, 6.082762530298219, 11.180339887498949, 11.40175425099138, 5.0990195135927845, 3.1622776601683795, 8.54400374531753, 4.47213595499958, 10.63014581273465, 12.041594578792296, 9.055385138137417, 7.615773105863909, 3.605551275463989, 9.433981132056603, 12.727922061357855, 9.486832980505138, 11.40175425099138, 3.0, 7.810249675906654, 4.0, 8.06225774829855, 12.806248474865697, 13.45362404707371, 2.0, 7.0710678118654755, 6.4031242374328485, 1.0, 8.06225774829855, 1.4142135623730951, 11.661903789690601, 4.242640687119285, 10.44030650891055, 2.23606797749979, 9.219544457292887, 9.219544457292887, 5.0, 5.0, 13.038404810405298, 4.0, 3.1622776601683795, 6.708203932499369, 8.0, 10.0, 8.06225774829855, 9.486832980505138, 10.295630140987, 6.0, 7.0710678118654755, 10.0, 6.4031242374328485, 11.045361017187261, 9.055385138137417, 5.0, 2.23606797749979, 4.123105625617661, 5.656854249492381, 9.899494936611665, 4.123105625617661, 9.055385138137417, 6.324555320336759, 7.0, 10.816653826391969, 2.23606797749979, 8.06225774829855, 8.06225774829855, 8.246211251235321, 1.0, 12.041594578792296, 6.082762530298219, 2.0, 5.0990195135927845, 11.704699910719626, 8.246211251235321, 10.0, 10.295630140987], [7.280109889280518, 12.083045973594572, 8.06225774829855, 7.810249675906654, 7.615773105863909, 12.165525060596439, 8.602325267042627, 9.486832980505138, 13.45362404707371, 8.48528137423857, 5.385164807134504, 9.0, 2.8284271247461903, 0.0, 12.041594578792296, 5.385164807134504, 14.212670403551895, 6.708203932499369, 4.0, 11.704699910719626, 10.198039027185569, 3.1622776601683795, 12.041594578792296, 7.0, 4.123105625617661, 11.40175425099138, 1.0, 5.0990195135927845, 2.0, 4.0, 6.4031242374328485, 8.06225774829855, 7.211102550927978, 3.605551275463989, 5.830951894845301, 8.0, 9.0, 2.0, 5.656854249492381, 12.041594578792296, 4.242640687119285, 10.770329614269007, 13.0, 5.0, 8.54400374531753, 9.848857801796104, 11.40175425099138, 3.1622776601683795, 1.4142135623730951, 10.04987562112089, 4.47213595499958, 11.180339887498949, 12.529964086141668, 11.045361017187261, 7.0710678118654755, 4.123105625617661, 9.219544457292887, 13.038404810405298, 8.602325267042627, 10.295630140987, 2.23606797749979, 8.54400374531753, 6.324555320336759, 9.219544457292887, 13.416407864998739, 13.892443989449804, 4.47213595499958, 5.830951894845301, 6.708203932499369, 2.23606797749979, 7.810249675906654, 4.242640687119285, 11.313708498984761, 5.0990195135927845, 9.433981132056603, 3.0, 9.433981132056603, 11.0, 6.082762530298219, 3.605551275463989, 12.727922061357855, 2.8284271247461903, 3.1622776601683795, 6.4031242374328485, 6.324555320336759, 12.165525060596439, 10.04987562112089, 11.045361017187261, 9.899494936611665, 8.246211251235321, 9.486832980505138, 10.0, 7.280109889280518, 9.486832980505138, 7.0710678118654755, 5.385164807134504, 1.0, 2.23606797749979, 6.324555320336759, 10.295630140987, 6.082762530298219, 11.40175425099138, 8.0, 9.219544457292887, 10.63014581273465, 4.123105625617661, 10.44030650891055, 6.082762530298219, 6.0, 2.23606797749979, 12.206555615733702, 5.0, 2.0, 7.615773105863909, 10.816653826391969, 10.0, 8.246211251235321, 11.40175425099138], [12.806248474865697, 6.082762530298219, 11.313708498984761, 9.899494936611665, 6.4031242374328485, 3.0, 7.810249675906654, 5.0, 10.198039027185569, 9.219544457292887, 7.0710678118654755, 15.620499351813308, 10.04987562112089, 12.041594578792296, 0.0, 11.661903789690601, 10.04987562112089, 11.40175425099138, 13.0, 5.0990195135927845, 2.23606797749979, 11.180339887498949, 10.770329614269007, 14.422205101855956, 12.083045973594572, 11.180339887498949, 12.165525060596439, 7.0, 12.36931687685298, 8.06225774829855, 10.0, 4.0, 7.810249675906654, 10.198039027185569, 8.06225774829855, 15.0, 3.1622776601683795, 10.04987562112089, 9.433981132056603, 9.486832980505138, 9.848857801796104, 5.385164807134504, 6.0, 8.246211251235321, 4.47213595499958, 12.806248474865697, 8.54400374531753, 11.704699910719626, 11.180339887498949, 2.8284271247461903, 8.54400374531753, 6.324555320336759, 7.0710678118654755, 1.0, 9.219544457292887, 8.246211251235321, 8.602325267042627, 8.06225774829855, 10.63014581273465, 12.206555615733702, 10.198039027185569, 5.656854249492381, 6.082762530298219, 4.242640687119285, 7.0, 8.0, 8.06225774829855, 10.816653826391969, 7.211102550927978, 11.045361017187261, 8.48528137423857, 9.219544457292887, 9.848857801796104, 7.280109889280518, 11.40175425099138, 12.165525060596439, 7.211102550927978, 1.4142135623730951, 6.324555320336759, 10.770329614269007, 10.44030650891055, 10.44030650891055, 9.219544457292887, 8.602325267042627, 12.206555615733702, 1.0, 2.0, 2.23606797749979, 9.433981132056603, 4.123105625617661, 3.605551275463989, 8.06225774829855, 5.830951894845301, 13.45362404707371, 13.601470508735444, 7.615773105863909, 11.045361017187261, 11.40175425099138, 6.708203932499369, 6.708203932499369, 6.0, 2.23606797749979, 4.123105625617661, 3.1622776601683795, 8.94427190999916, 8.0, 2.8284271247461903, 13.038404810405298, 13.892443989449804, 10.0, 8.246211251235321, 10.295630140987, 12.041594578792296, 5.385164807134504, 11.661903789690601, 2.23606797749979, 13.45362404707371, 4.123105625617661], [2.0, 9.0, 2.8284271247461903, 3.1622776601683795, 5.385164807134504, 10.44030650891055, 5.0, 7.280109889280518, 8.94427190999916, 4.123105625617661, 7.615773105863909, 4.47213595499958, 7.0, 5.385164807134504, 11.661903789690601, 0.0, 9.848857801796104, 1.4142135623730951, 2.23606797749979, 9.055385138137417, 10.63014581273465, 8.06225774829855, 7.211102550927978, 2.8284271247461903, 1.4142135623730951, 6.4031242374328485, 4.47213595499958, 6.708203932499369, 3.605551275463989, 5.385164807134504, 2.0, 8.48528137423857, 4.123105625617661, 8.0, 3.605551275463989, 3.605551275463989, 8.602325267042627, 5.0, 2.23606797749979, 7.615773105863909, 2.23606797749979, 8.06225774829855, 10.0, 8.246211251235321, 10.0, 4.47213595499958, 7.280109889280518, 2.23606797749979, 4.123105625617661, 8.94427190999916, 3.605551275463989, 8.0, 9.055385138137417, 10.816653826391969, 3.0, 4.47213595499958, 5.0990195135927845, 9.219544457292887, 3.605551275463989, 5.0, 4.0, 6.324555320336759, 8.06225774829855, 7.615773105863909, 10.04987562112089, 10.198039027185569, 7.280109889280518, 1.0, 4.47213595499958, 7.0710678118654755, 4.0, 8.06225774829855, 6.708203932499369, 5.0, 4.242640687119285, 8.246211251235321, 6.0, 10.295630140987, 5.656854249492381, 2.0, 8.06225774829855, 3.0, 4.123105625617661, 3.1622776601683795, 1.0, 12.206555615733702, 10.0, 9.848857801796104, 5.385164807134504, 9.219544457292887, 10.63014581273465, 6.082762530298219, 5.830951894845301, 4.123105625617661, 2.23606797749979, 4.242640687119285, 5.0990195135927845, 3.1622776601683795, 5.0, 7.0, 7.211102550927978, 12.041594578792296, 7.810249675906654, 9.899494936611665, 6.324555320336759, 6.324555320336759, 11.313708498984761, 1.4142135623730951, 2.23606797749979, 6.0, 8.246211251235321, 1.4142135623730951, 7.280109889280518, 9.433981132056603, 5.656854249492381, 9.433981132056603, 3.0, 9.219544457292887], [9.219544457292887, 4.0, 7.280109889280518, 6.708203932499369, 7.211102550927978, 7.0710678118654755, 5.656854249492381, 6.324555320336759, 1.0, 5.830951894845301, 12.529964086141668, 11.0, 14.212670403551895, 14.212670403551895, 10.04987562112089, 9.848857801796104, 0.0, 8.54400374531753, 12.083045973594572, 5.0, 11.045361017187261, 15.620499351813308, 3.0, 11.180339887498949, 11.180339887498949, 4.0, 13.601470508735444, 11.661903789690601, 13.038404810405298, 11.40175425099138, 8.06225774829855, 10.44030650891055, 7.0710678118654755, 15.0, 8.48528137423857, 11.045361017187261, 9.219544457292887, 12.727922061357855, 8.602325267042627, 2.23606797749979, 10.0, 5.0990195135927845, 4.123105625617661, 13.892443989449804, 12.36931687685298, 7.0, 2.8284271247461903, 11.661903789690601, 12.806248474865697, 8.06225774829855, 9.899494936611665, 4.123105625617661, 3.0, 10.0, 7.211102550927978, 10.63014581273465, 5.0, 2.0, 6.324555320336759, 6.0, 12.041594578792296, 6.708203932499369, 12.083045973594572, 7.280109889280518, 3.1622776601683795, 2.23606797749979, 13.038404810405298, 8.94427190999916, 7.810249675906654, 14.866068747318506, 6.4031242374328485, 14.422205101855956, 3.1622776601683795, 10.0, 6.082762530298219, 16.278820596099706, 5.0, 9.0, 9.433981132056603, 10.816653826391969, 2.0, 11.40175425099138, 11.313708498984761, 7.810249675906654, 9.486832980505138, 11.045361017187261, 10.04987562112089, 8.0, 4.47213595499958, 11.40175425099138, 12.165525060596439, 4.242640687119285, 8.06225774829855, 8.0, 10.198039027185569, 9.219544457292887, 13.45362404707371, 12.206555615733702, 8.602325267042627, 4.47213595499958, 11.180339887498949, 12.0, 9.486832980505138, 11.180339887498949, 3.605551275463989, 12.206555615733702, 12.041594578792296, 10.44030650891055, 11.40175425099138, 13.45362404707371, 2.23606797749979, 9.433981132056603, 15.556349186104045, 12.649110640673518, 5.0, 9.055385138137417, 9.055385138137417, 6.0], [1.4142135623730951, 8.06225774829855, 1.4142135623730951, 2.0, 5.0, 9.848857801796104, 4.123105625617661, 6.708203932499369, 7.615773105863909, 3.0, 8.246211251235321, 4.242640687119285, 8.06225774829855, 6.708203932499369, 11.40175425099138, 1.4142135623730951, 8.54400374531753, 0.0, 3.605551275463989, 8.246211251235321, 10.63014581273465, 9.219544457292887, 5.830951894845301, 3.1622776601683795, 2.8284271247461903, 5.0, 5.830951894845301, 7.280109889280518, 5.0, 6.082762530298219, 1.4142135623730951, 8.602325267042627, 3.605551275463989, 9.055385138137417, 3.605551275463989, 3.605551275463989, 8.48528137423857, 6.082762530298219, 2.23606797749979, 6.324555320336759, 3.0, 7.280109889280518, 9.055385138137417, 9.055385138137417, 10.295630140987, 3.1622776601683795, 6.082762530298219, 3.605551275463989, 5.385164807134504, 8.602325267042627, 4.123105625617661, 7.0710678118654755, 8.0, 10.63014581273465, 2.23606797749979, 5.0990195135927845, 4.0, 8.06225774829855, 2.23606797749979, 3.605551275463989, 5.0990195135927845, 5.830951894845301, 8.54400374531753, 7.211102550927978, 9.0, 9.055385138137417, 8.06225774829855, 1.0, 4.242640687119285, 8.246211251235321, 3.1622776601683795, 9.0, 5.385164807134504, 5.385164807134504, 2.8284271247461903, 9.486832980505138, 5.0990195135927845, 10.0, 5.830951894845301, 3.1622776601683795, 6.708203932499369, 4.123105625617661, 5.0, 2.8284271247461903, 1.0, 12.041594578792296, 9.899494936611665, 9.433981132056603, 4.123105625617661, 9.433981132056603, 10.816653826391969, 5.0, 5.656854249492381, 3.0, 2.23606797749979, 4.47213595499958, 6.324555320336759, 4.47213595499958, 5.0, 6.082762530298219, 7.615773105863909, 12.041594578792296, 7.810249675906654, 10.0, 5.0990195135927845, 7.0710678118654755, 11.40175425099138, 2.0, 3.0, 7.0710678118654755, 7.0710678118654755, 2.0, 8.54400374531753, 9.848857801796104, 4.242640687119285, 9.219544457292887, 2.23606797749979, 8.54400374531753], [3.605551275463989, 11.045361017187261, 5.0, 5.385164807134504, 7.0710678118654755, 12.165525060596439, 7.0710678118654755, 9.055385138137417, 11.180339887498949, 6.324555320336759, 7.810249675906654, 5.0, 6.324555320336759, 4.0, 13.0, 2.23606797749979, 12.083045973594572, 3.605551275463989, 0.0, 11.0, 11.661903789690601, 7.0710678118654755, 9.433981132056603, 3.0, 1.0, 8.602325267042627, 3.0, 7.0710678118654755, 2.0, 5.656854249492381, 4.123105625617661, 9.433981132056603, 6.0, 7.280109889280518, 5.0990195135927845, 4.0, 9.848857801796104, 4.47213595499958, 4.0, 9.848857801796104, 3.1622776601683795, 10.0, 12.041594578792296, 8.06225774829855, 10.63014581273465, 6.4031242374328485, 9.486832980505138, 1.4142135623730951, 3.1622776601683795, 10.44030650891055, 4.47213595499958, 10.04987562112089, 11.180339887498949, 12.083045973594572, 5.0990195135927845, 5.0, 7.280109889280518, 11.40175425099138, 5.830951894845301, 7.0710678118654755, 3.605551275463989, 8.06225774829855, 8.48528137423857, 9.219544457292887, 12.165525060596439, 12.36931687685298, 